-4.560078400364485232e-04
-3.501550240627439390e-03
9.196650237641398103e-04
9.196649443906089504e-04
3.750457255259260245e-04
-1.113785552068040103e-03
-1.043794132205668249e-04
3.544827366286126932e-04
-1.113785615955807358e-03
-1.043794726113600116e-04
3.544828398561844745e-04
3.831261130610609435e-03
3.831261195738659524e-03
4.386706433375453344e-03
2.414612524568547083e-04
4.423588486385062108e-04
1.060187989639458468e-03
7.372370415146802186e-04
7.372370824004629338e-04
1.060187964957105301e-03
-2.385914450113267452e-04
-1.926328841938737795e-04
-2.589113198799244844e-04
-1.926329984470572182e-04
-2.589113029362036440e-04
3.359544494564656325e-05
3.359550745410227730e-05
7.386110128308767350e-05
7.386111757374536622e-05
